{
 "cells": [
  {
   "cell_type": "markdown",
   "metadata": {},
   "source": [
    "# Implementación de PCA en NumPy"
   ]
  },
  {
   "cell_type": "markdown",
   "metadata": {},
   "source": [
    "## Objetivos\n",
    "* Implementación de PCA en NumPy paso a paso\n",
    "* Comparación de resultados con Scikit-learn"
   ]
  },
  {
   "cell_type": "markdown",
   "metadata": {},
   "source": [
    "## Implementación"
   ]
  },
  {
   "cell_type": "markdown",
   "metadata": {},
   "source": [
    "1. Dado un dataset $X \\in \\mathbb{R}^{n, d}$, con $n$ muestras y $d$ features, queremos reducir sus dimensiones a $m$. Para ello, el primer paso es centrar el dataset (Hint: usen np.mean)"
   ]
  },
  {
   "cell_type": "code",
   "execution_count": 49,
   "metadata": {},
   "outputs": [],
   "source": [
    "# Preparación de librerías y otras herramientas\n",
    "import numpy as np\n",
    "from sklearn.decomposition import PCA\n",
    "from sklearn.preprocessing import StandardScaler\n",
    "rng = np.random.default_rng(seed=18)\n",
    "\n",
    "#Matriz de datos aleatorios\n",
    "data = rng.integers(10, size=(20,5), dtype=np.uint8) \n",
    "\n",
    "#Centrado\n",
    "data = data - np.mean(data,axis=0)"
   ]
  },
  {
   "cell_type": "markdown",
   "metadata": {},
   "source": [
    "2. Obtener la matriz de covarianza de $X^T$, revisar en la teoría por qué utilizamos la transpuesta. Buscar en la documentación de NumPy qué funciones se pueden utilizar.\n",
    "\n",
    "La matriz de covarianza se define como\n",
    "$$\n",
    "S = \\frac{1}{N} \\sum_{n=1}^{N}x_{n}x_{n}^T \n",
    "$$\n",
    "\n",
    "Cada fila del dataset representa una muestra. El cálculo necesarios de álgebra consideran a los vectores como columna, lo que significa que cada fila del dataset se debe transponer. Por ese motivo se busca la covarianza de la transpuesta de la matriz de datos"
   ]
  },
  {
   "cell_type": "code",
   "execution_count": 4,
   "metadata": {},
   "outputs": [],
   "source": [
    "S = np.cov(data.T)"
   ]
  },
  {
   "cell_type": "markdown",
   "metadata": {},
   "source": [
    "3. Calcular los autovalores y autovectores de la matriz de covarianza. Revisar la documentación de NumPy.\n",
    "\n",
    "**Referencias**  \n",
    "ava: autovalores  \n",
    "ave: autovectores"
   ]
  },
  {
   "cell_type": "code",
   "execution_count": 8,
   "metadata": {},
   "outputs": [
    {
     "data": {
      "text/plain": [
       "(array([13.24987914,  3.61575748, 10.81453888,  6.85418476,  6.66300816]),\n",
       " array([[-0.60103461, -0.2119282 , -0.12091559, -0.71178175, -0.26942531],\n",
       "        [-0.68830678,  0.23736476,  0.22945172,  0.57953974, -0.28526714],\n",
       "        [ 0.16281763, -0.31729343, -0.66040113,  0.29331911, -0.5921567 ],\n",
       "        [ 0.01182142, -0.85380899,  0.49394244,  0.16373762, -0.00901797],\n",
       "        [-0.37194333, -0.26282979, -0.50261571,  0.2113157 ,  0.7037768 ]]))"
      ]
     },
     "execution_count": 8,
     "metadata": {},
     "output_type": "execute_result"
    }
   ],
   "source": [
    "ava,ave = np.linalg.eig(S)\n",
    "ava,ave"
   ]
  },
  {
   "cell_type": "markdown",
   "metadata": {},
   "source": [
    "4. Ordernar los autovectores en el sentido de los autovalores decrecientes, revisar la teoría de ser necesario."
   ]
  },
  {
   "cell_type": "code",
   "execution_count": 9,
   "metadata": {},
   "outputs": [
    {
     "data": {
      "text/plain": [
       "array([0, 2, 3, 4, 1], dtype=int64)"
      ]
     },
     "execution_count": 9,
     "metadata": {},
     "output_type": "execute_result"
    }
   ],
   "source": [
    "idx = ava.argsort()[::-1]\n",
    "idx"
   ]
  },
  {
   "cell_type": "code",
   "execution_count": 10,
   "metadata": {},
   "outputs": [
    {
     "data": {
      "text/plain": [
       "array([13.24987914, 10.81453888,  6.85418476,  6.66300816,  3.61575748])"
      ]
     },
     "execution_count": 10,
     "metadata": {},
     "output_type": "execute_result"
    }
   ],
   "source": [
    "ava = ava[idx]\n",
    "ava"
   ]
  },
  {
   "cell_type": "code",
   "execution_count": 11,
   "metadata": {},
   "outputs": [
    {
     "data": {
      "text/plain": [
       "array([[-0.60103461, -0.12091559, -0.71178175, -0.26942531, -0.2119282 ],\n",
       "       [-0.68830678,  0.22945172,  0.57953974, -0.28526714,  0.23736476],\n",
       "       [ 0.16281763, -0.66040113,  0.29331911, -0.5921567 , -0.31729343],\n",
       "       [ 0.01182142,  0.49394244,  0.16373762, -0.00901797, -0.85380899],\n",
       "       [-0.37194333, -0.50261571,  0.2113157 ,  0.7037768 , -0.26282979]])"
      ]
     },
     "execution_count": 11,
     "metadata": {},
     "output_type": "execute_result"
    }
   ],
   "source": [
    "ave = ave[:,idx]\n",
    "ave"
   ]
  },
  {
   "cell_type": "markdown",
   "metadata": {},
   "source": [
    "5. Proyectar el dataset centrado sobre los $m$ autovectores más relevantes (Hint: usen np.dot).\n",
    "\n",
    "Se considerarán para este ejemplo los dos primeros autovalores. Lo cual se proyectará el dataset sobre los 2 primeros autovectores. En este caso no hace falta trasponer la matriz de datos, porque los vectores a proyectar ya están como filas."
   ]
  },
  {
   "cell_type": "code",
   "execution_count": 17,
   "metadata": {},
   "outputs": [
    {
     "data": {
      "text/plain": [
       "array([[-0.60103461, -0.12091559],\n",
       "       [-0.68830678,  0.22945172],\n",
       "       [ 0.16281763, -0.66040113],\n",
       "       [ 0.01182142,  0.49394244],\n",
       "       [-0.37194333, -0.50261571]])"
      ]
     },
     "execution_count": 17,
     "metadata": {},
     "output_type": "execute_result"
    }
   ],
   "source": [
    "#autovectores relevantes\n",
    "m = 2\n",
    "#autovalores relevantes\n",
    "ava_m = ava[:m]\n",
    "#proyección\n",
    "ave_m = ave[:,:m]\n",
    "ave_m"
   ]
  },
  {
   "cell_type": "code",
   "execution_count": 50,
   "metadata": {},
   "outputs": [
    {
     "data": {
      "text/plain": [
       "array([[-1.93948688,  2.80612601],\n",
       "       [ 0.14687637,  0.96910345],\n",
       "       [ 0.94673192,  1.92612207],\n",
       "       [-4.36383424, -4.15233107],\n",
       "       [ 3.37315239, -4.42217513],\n",
       "       [-2.417246  ,  3.83134727],\n",
       "       [ 8.09984491,  0.49611916],\n",
       "       [-5.26136142, -5.62017212],\n",
       "       [ 0.40250533, -3.92629848],\n",
       "       [ 3.25795989,  0.58012038],\n",
       "       [-3.48667323,  4.68119404],\n",
       "       [ 0.75353905,  6.69005008],\n",
       "       [-3.87587666, -0.84684328],\n",
       "       [-1.91539968,  3.2744118 ],\n",
       "       [-4.07048127,  0.86433236],\n",
       "       [ 4.91802227, -1.01000053],\n",
       "       [-2.59148443, -1.82316115],\n",
       "       [ 4.58154319, -0.03078893],\n",
       "       [ 2.40555776, -1.27752411],\n",
       "       [ 1.03611075, -3.00963184]])"
      ]
     },
     "execution_count": 50,
     "metadata": {},
     "output_type": "execute_result"
    }
   ],
   "source": [
    "data.dot(ave_m)"
   ]
  },
  {
   "cell_type": "markdown",
   "metadata": {},
   "source": [
    "6. Consolidar los pasos anteriores en una función o clase PCA."
   ]
  },
  {
   "cell_type": "code",
   "execution_count": 51,
   "metadata": {},
   "outputs": [],
   "source": [
    "def pca_np(X,m):\n",
    "    \"\"\"\n",
    "    :param X: numpy array con los datos a reducir\n",
    "    :m: n° de componentes principales a utilizar\n",
    "    :return: autovalores, PCA sobre X para el n° de componentes m\n",
    "    \"\"\"\n",
    "    #Centrado\n",
    "    X = X - np.mean(X,axis=0)\n",
    "    #Matriz de covarianza\n",
    "    S = np.cov(X.T)\n",
    "    #Autovalores y autovectores\n",
    "    ava,ave = np.linalg.eig(S)\n",
    "    #Reordenamiento de mayor a menor de autovalores y autovectores\n",
    "    idx = ava.argsort()[::-1]\n",
    "    ava = ava[idx]\n",
    "    ave = ave[:,idx]\n",
    "    return ava[:m], X.dot(ave[:,:m])"
   ]
  },
  {
   "cell_type": "markdown",
   "metadata": {},
   "source": [
    "7. Comparar los resultados obtenidos con el modelo de PCA implementado en Scikit-learn ([ver documentación](https://scikit-learn.org/stable/modules/generated/sklearn.decomposition.PCA.html)). Tomar como dataset:\n",
    "\n",
    "$X=\\begin{bmatrix}\n",
    "0.8 & 0.7\\\\\n",
    "0.1 & -0.1\n",
    "\\end{bmatrix}$\n",
    "\n",
    "Se debe reducir a un componente. Verificar los resultados con np.testing.assert_allclose"
   ]
  },
  {
   "cell_type": "code",
   "execution_count": 47,
   "metadata": {},
   "outputs": [
    {
     "name": "stdout",
     "output_type": "stream",
     "text": [
      "Resultado PCA con Scikit-learn: \n",
      "[[-0.53150729]\n",
      " [ 0.53150729]] \n",
      "\n",
      "Resultado PCA con Numpy: \n",
      " [[-0.53150729]\n",
      " [ 0.53150729]]\n"
     ]
    }
   ],
   "source": [
    "#Componente relevante\n",
    "m = 1\n",
    "#Matriz de datos\n",
    "X = np.array([[0.8, 0.7], [0.1, -0.1]])\n",
    "\n",
    "pca = PCA(n_components=m)\n",
    "X_std = StandardScaler(with_std=False).fit_transform(X)\n",
    "X_pca_sk = pca.fit_transform(X_std)\n",
    "X_pca_np = pca_np(X, m)\n",
    "print(\"Resultado PCA con Scikit-learn: \\n{} \\n\".format(X_pca_sk))\n",
    "print(\"Resultado PCA con Numpy: \\n {}\".format(X_pca_np[1]))\n",
    "np.testing.assert_allclose(X_pca_sk, X_pca_np[1])"
   ]
  }
 ],
 "metadata": {
  "kernelspec": {
   "display_name": "Python 3 (ipykernel)",
   "language": "python",
   "name": "python3"
  },
  "language_info": {
   "codemirror_mode": {
    "name": "ipython",
    "version": 3
   },
   "file_extension": ".py",
   "mimetype": "text/x-python",
   "name": "python",
   "nbconvert_exporter": "python",
   "pygments_lexer": "ipython3",
   "version": "3.9.7"
  }
 },
 "nbformat": 4,
 "nbformat_minor": 4
}
